[25 9 16 [3 0 1 2 5 6 7 4]]
[26 10 16 [0 2 3 4 6 5 7 1]]
[18 10 8 [3 2 5 4 1 6 7 0]]
[23 9 14 [2 0 1 3 5 6 7 4]]
[25 9 16 [0 2 3 1 6 5 7 4]]
[20 10 10 [3 4 5 7 2 1 6 0]]
[23 11 12 [1 0 3 7 2 4 6 5]]
[22 10 12 [1 4 5 7 3 0 6 2]]
[27 9 18 [6 1 5 4 2 0 7 3]]
[28 8 20 [3 6 1 0 4 5 7 2]]
[27 9 18 [2 0 5 4 3 1 6 7]]
[28 10 18 [4 3 5 2 0 1 6 7]]
[28 10 18 [4 3 5 6 2 1 0 7]]
[24 8 16 [7 3 1 2 0 6 5 4]]
[27 9 18 [6 1 5 4 3 0 7 2]]
[27 7 20 [3 6 4 2 0 5 1 7]]
[27 9 18 [4 3 0 1 2 6 7 5]]
[31 11 20 [4 3 0 7 2 1 6 5]]
[16 8 8 [2 3 1 5 4 6 0 7]]
[26 8 18 [3 0 4 2 1 6 5 7]]
[26 10 16 [6 3 1 7 2 0 5 4]]
[30 8 22 [3 0 4 7 1 6 5 2]]
[26 8 18 [3 1 4 0 7 6 5 2]]
[30 8 22 [7 1 4 0 2 6 5 3]]
[31 9 22 [6 1 4 7 2 0 5 3]]
[30 8 22 [4 6 1 0 2 5 7 3]]
[29 9 20 [5 6 1 4 2 0 7 3]]
[26 10 16 [7 3 5 4 0 1 6 2]]
[28 8 20 [6 3 1 0 4 2 5 7]]
[33 9 24 [7 0 1 4 3 6 5 2]]
[20 8 12 [2 3 1 5 7 6 0 4]]
[27 9 18 [0 1 5 4 7 2 6 3]]
[25 9 16 [6 1 5 3 2 0 7 4]]
[19 9 10 [4 1 5 3 2 6 7 0]]
[29 9 20 [3 0 4 7 1 2 6 5]]
[28 10 18 [4 3 5 0 1 2 6 7]]
[28 10 18 [2 0 5 4 1 6 7 3]]
[24 8 16 [2 0 4 3 1 6 5 7]]
[30 8 22 [4 6 1 0 3 5 7 2]]
[29 9 20 [5 6 1 4 3 0 7 2]]
[31 9 22 [6 3 0 4 2 5 7 1]]
[25 9 16 [7 4 3 1 2 6 5 0]]
[26 10 16 [4 3 1 0 5 6 7 2]]
[15 11 4 [2 3 1 4 5 6 7 0]]
[29 9 20 [2 3 0 7 4 6 5 1]]
[27 9 18 [0 1 4 5 2 6 7 3]]
[25 9 16 [3 5 4 7 0 1 6 2]]
[32 10 22 [0 5 4 7 2 1 6 3]]
[24 10 14 [3 5 0 7 2 1 6 4]]
[25 9 16 [7 3 1 0 2 6 4 5]]
[26 10 16 [6 3 1 7 2 0 4 5]]
[16 10 6 [5 3 1 7 2 6 4 0]]
[20 10 10 [1 4 3 2 0 6 5 7]]
[18 10 8 [1 4 3 5 2 6 0 7]]
[24 10 14 [0 2 1 4 3 5 7 6]]
[30 10 20 [6 2 0 4 3 5 7 1]]
[25 9 16 [4 2 3 0 6 5 1 7]]
[24 10 14 [5 2 3 4 6 0 1 7]]
[24 10 14 [7 2 3 4 6 5 1 0]]
[28 10 18 [4 2 3 0 7 6 1 5]]
[23 11 12 [5 2 3 4 7 6 1 0]]
[22 12 10 [1 2 0 4 3 6 7 5]]
[20 8 12 [4 3 1 2 7 6 5 0]]
[29 7 22 [0 6 1 3 4 2 5 7]]
[26 8 18 [2 3 4 0 7 6 5 1]]
[26 8 18 [3 5 0 4 1 2 6 7]]
[22 8 14 [3 1 0 5 4 2 6 7]]
[25 9 16 [0 1 5 3 4 2 6 7]]
[20 8 12 [3 1 5 2 6 0 7 4]]
[17 9 8 [3 1 5 2 4 6 7 0]]
[29 9 20 [3 6 5 4 1 0 7 2]]
[31 7 24 [7 6 1 0 3 2 5 4]]
[34 8 26 [7 6 1 4 0 2 5 3]]
[25 9 16 [0 1 4 3 2 6 7 5]]
[31 7 24 [0 6 1 3 7 2 5 4]]
[26 8 18 [3 6 1 7 0 2 5 4]]
[26 8 18 [3 5 6 4 2 1 0 7]]
[23 9 14 [2 3 5 4 7 1 0 6]]
[29 9 20 [4 0 3 5 2 1 6 7]]
[27 9 18 [4 3 6 5 2 1 0 7]]
[15 11 4 [1 3 5 4 7 2 6 0]]
[22 10 12 [1 3 0 4 2 6 5 7]]
[28 10 18 [0 1 5 4 2 3 6 7]]
[26 10 16 [1 5 0 4 2 3 6 7]]
[27 7 20 [3 6 1 0 7 2 5 4]]
[26 8 18 [4 1 0 5 3 2 6 7]]
[24 8 16 [0 1 4 3 2 6 5 7]]
[25 7 18 [2 6 4 3 0 5 1 7]]
[31 9 22 [0 3 7 4 2 6 1 5]]
[26 8 18 [0 1 7 3 2 6 4 5]]
[21 9 12 [3 1 7 4 2 6 0 5]]
[22 8 14 [2 6 1 4 3 0 5 7]]
[30 8 22 [0 6 1 3 2 5 7 4]]
[23 9 14 [3 6 1 7 2 5 0 4]]
[27 9 18 [3 5 0 4 2 1 6 7]]
[22 10 12 [2 3 5 4 7 1 6 0]]
[30 10 20 [4 3 0 5 2 1 6 7]]
[19 11 8 [1 3 5 4 2 6 0 7]]
[27 11 16 [1 0 5 4 2 3 6 7]]
[30 10 20 [4 3 0 7 2 1 5 6]]
[19 9 10 [7 3 1 4 5 2 6 0]]
[26 8 18 [0 3 1 2 6 5 7 4]]
[23 9 14 [2 3 1 7 6 5 0 4]]
[27 9 18 [4 1 5 0 3 2 6 7]]
[25 9 16 [1 6 5 4 3 7 0 2]]
[22 8 14 [2 3 6 4 7 5 1 0]]
[32 8 24 [0 6 4 3 2 5 1 7]]
[22 10 12 [2 3 4 7 5 1 6 0]]
[23 11 12 [1 3 4 7 0 2 6 5]]
[21 11 10 [1 3 4 7 2 6 0 5]]
[29 11 18 [1 0 4 7 2 3 6 5]]
[27 9 18 [3 6 1 4 0 5 7 2]]
[25 9 16 [3 6 1 4 5 7 0 2]]
[25 9 16 [4 3 1 5 0 6 7 2]]
[26 8 18 [4 3 1 0 6 2 5 7]]
[23 7 16 [3 1 4 0 6 2 5 7]]
[34 8 26 [4 0 1 7 6 3 5 2]]
[26 8 18 [3 0 1 7 4 6 5 2]]
[25 9 16 [4 3 1 0 2 6 5 7]]
[30 8 22 [7 1 4 0 3 6 5 2]]
[22 8 14 [3 1 4 0 2 6 5 7]]
[26 10 16 [7 3 0 5 2 1 6 4]]
[30 8 22 [4 6 1 0 2 3 5 7]]
[20 8 12 [3 1 0 5 7 2 6 4]]
[23 9 14 [0 1 5 3 7 2 6 4]]
[20 8 12 [2 1 5 3 6 0 7 4]]
[15 9 6 [2 1 5 3 4 6 7 0]]
[24 8 16 [3 6 1 4 7 2 5 0]]
[16 8 8 [3 1 7 5 2 6 0 4]]
[26 8 18 [4 6 3 1 2 0 5 7]]
[25 9 16 [3 0 1 7 4 2 6 5]]
[33 9 24 [4 0 3 7 2 6 1 5]]
[31 9 22 [4 3 7 0 2 6 1 5]]
[27 9 18 [2 4 1 7 0 3 6 5]]
[29 9 20 [4 1 7 0 2 3 6 5]]
[29 9 20 [4 1 6 7 2 3 0 5]]
[22 8 14 [3 1 7 0 2 6 4 5]]
[25 9 16 [3 0 5 1 4 2 6 7]]
[25 9 16 [2 4 5 1 0 3 6 7]]
[23 9 14 [3 1 4 0 2 6 7 5]]
[33 7 26 [3 6 4 0 7 2 1 5]]
[29 9 20 [0 3 1 6 2 5 7 4]]
[24 10 14 [6 3 1 7 2 5 0 4]]
[31 9 22 [0 3 4 6 2 5 1 7]]
[28 8 20 [7 6 3 1 2 0 5 4]]
[28 8 20 [0 3 4 2 6 5 1 7]]
[15 9 6 [2 3 1 4 5 7 6 0]]
[23 9 14 [5 3 1 0 2 6 7 4]]
[20 8 12 [2 4 3 1 6 0 5 7]]
[19 9 10 [2 4 3 1 7 6 5 0]]
[24 8 16 [3 5 6 4 7 2 1 0]]
[31 9 22 [3 0 6 4 5 2 1 7]]
[26 8 18 [3 6 1 7 0 2 4 5]]
[23 9 14 [2 0 1 4 3 6 5 7]]
[28 10 18 [0 1 5 4 2 6 7 3]]
[26 10 16 [1 6 5 4 2 0 7 3]]
[30 8 22 [6 0 1 4 3 2 5 7]]
[24 8 16 [2 0 1 4 6 3 5 7]]
[27 9 18 [0 2 5 4 1 3 6 7]]
[18 10 8 [1 2 5 4 7 3 6 0]]
[27 9 18 [0 1 5 4 3 2 6 7]]
[25 9 16 [1 5 0 4 3 2 6 7]]
[28 10 18 [0 1 5 4 3 6 7 2]]
[26 10 16 [1 6 5 4 3 0 7 2]]
[30 8 22 [6 0 2 4 3 5 1 7]]
[28 8 20 [6 2 4 0 3 5 1 7]]
[32 8 24 [3 6 4 7 0 2 5 1]]
[30 8 22 [3 6 4 0 2 5 1 7]]
[30 8 22 [3 6 7 0 2 5 4 1]]
[26 10 16 [3 6 1 4 5 0 7 2]]
[29 9 20 [1 4 7 0 2 6 5 3]]
[31 9 22 [1 6 4 7 0 2 5 3]]
[17 9 8 [1 5 7 3 2 6 0 4]]
[25 9 16 [1 6 5 3 0 2 7 4]]
[26 10 16 [1 4 3 7 0 6 5 2]]
[24 10 14 [1 4 5 3 0 6 7 2]]
[22 10 12 [1 0 2 4 3 6 5 7]]
[20 10 10 [1 2 4 0 3 6 5 7]]
[24 10 14 [6 2 3 4 7 5 1 0]]
[28 10 18 [7 2 3 4 6 0 1 5]]
[27 7 20 [3 6 1 0 4 2 5 7]]
[31 9 22 [7 3 0 4 2 6 5 1]]
[33 9 24 [7 6 3 4 2 0 5 1]]
[27 9 18 [2 3 0 4 7 6 5 1]]
[27 9 18 [2 6 3 4 7 0 5 1]]
[27 9 18 [3 0 5 4 1 2 6 7]]
[15 9 6 [3 1 5 7 4 2 0 6]]
[14 10 4 [3 1 5 7 4 2 6 0]]
[21 9 12 [3 1 5 0 4 2 6 7]]
[14 10 4 [3 1 5 7 4 2 6 0]]
[29 7 22 [4 6 1 0 3 2 5 7]]
[34 8 26 [4 6 1 7 0 2 5 3]]
[28 8 20 [3 5 6 0 2 1 7 4]]
[31 9 22 [3 5 6 4 0 1 7 2]]
[21 9 12 [4 1 5 7 3 2 0 6]]
[26 10 16 [4 1 5 7 0 2 6 3]]
[18 8 10 [3 1 7 5 0 2 6 4]]
[22 8 14 [3 6 1 4 2 5 0 7]]
[28 8 20 [3 6 1 0 2 5 7 4]]
[28 10 18 [3 0 5 4 2 1 6 7]]
[24 10 14 [2 3 5 4 0 1 6 7]]
[29 11 18 [4 3 5 0 2 1 6 7]]
[23 11 12 [4 3 5 7 2 1 0 6]]
[25 9 16 [7 3 1 4 0 2 6 5]]
[23 9 14 [7 3 1 4 2 6 0 5]]
[31 9 22 [7 0 1 4 2 3 6 5]]
[16 8 8 [2 3 1 4 6 5 0 7]]
[22 8 14 [2 3 1 0 6 5 7 4]]
[19 9 10 [2 3 1 4 0 5 7 6]]
[17 9 8 [2 3 1 4 5 7 0 6]]
[30 8 22 [3 0 6 4 2 5 1 7]]
[24 8 16 [2 3 6 4 0 5 1 7]]
[31 9 22 [4 3 6 0 2 5 1 7]]
[30 10 20 [3 0 4 7 2 1 6 5]]
[28 10 18 [2 3 4 7 0 1 6 5]]
[22 12 10 [1 3 4 7 2 0 6 5]]
[22 8 14 [2 3 0 1 4 6 5 7]]
[22 8 14 [2 6 3 1 4 0 5 7]]
[29 9 20 [4 3 0 5 2 6 1 7]]
[30 10 20 [0 3 5 4 2 6 1 7]]
[24 8 16 [0 1 4 2 3 6 5 7]]
[22 8 14 [1 6 4 2 3 0 5 7]]
[22 8 14 [3 1 0 5 2 6 4 7]]
[25 9 16 [0 1 5 3 2 6 4 7]]
[30 8 22 [0 1 4 7 3 6 5 2]]
[25 9 16 [3 0 1 7 2 6 5 4]]
[25 9 16 [2 6 1 4 0 5 7 3]]
[23 9 14 [2 6 1 4 5 7 0 3]]
[28 8 20 [6 1 0 4 2 3 5 7]]
[26 8 18 [2 3 0 1 7 6 5 4]]
[26 8 18 [2 6 3 1 7 0 5 4]]
[29 9 20 [0 1 4 7 3 2 6 5]]
[17 9 8 [2 1 5 4 3 6 0 7]]
[23 9 14 [2 1 5 0 3 6 7 4]]
[28 8 20 [3 6 1 4 7 0 2 5]]
[30 8 22 [3 0 6 1 2 5 7 4]]
[24 8 16 [2 3 6 1 0 5 7 4]]
[31 9 22 [6 3 4 0 2 5 1 7]]
[24 8 16 [2 3 4 0 6 5 1 7]]
[27 9 18 [2 3 4 7 0 5 1 6]]
[18 8 10 [2 1 5 4 6 3 0 7]]
[24 8 16 [2 1 5 0 6 3 7 4]]
[21 9 12 [2 1 5 4 0 3 7 6]]
[27 9 18 [3 0 1 4 2 7 6 5]]
[21 9 12 [2 3 1 4 0 7 6 5]]
[28 10 18 [4 3 1 0 2 7 6 5]]
[24 8 16 [6 1 5 4 3 2 0 7]]
[28 8 20 [6 1 5 0 3 2 7 4]]
[29 9 20 [6 1 5 4 0 2 7 3]]
[25 9 16 [3 6 1 7 2 0 4 5]]
[21 9 12 [2 3 1 7 4 6 0 5]]
[29 9 20 [2 0 1 7 4 3 6 5]]
[29 9 20 [3 0 4 5 2 1 6 7]]
[23 9 14 [2 3 4 5 0 1 6 7]]
[28 10 18 [5 3 4 0 2 1 6 7]]
[21 11 10 [1 3 4 5 2 0 6 7]]
[17 9 8 [3 2 1 4 6 5 0 7]]
[23 9 14 [3 2 1 0 6 5 7 4]]
[20 10 10 [3 2 1 4 0 5 7 6]]
[30 10 20 [1 4 0 7 2 6 5 3]]
[24 10 14 [1 5 0 3 2 6 7 4]]
[25 11 14 [3 0 5 7 2 1 6 4]]
[25 11 14 [2 3 5 7 0 1 6 4]]
[17 13 4 [1 3 5 7 2 0 6 4]]
[23 9 14 [2 5 3 4 6 0 1 7]]
[22 10 12 [2 5 3 4 7 6 1 0]]
[25 11 14 [2 0 3 4 5 6 1 7]]
[26 10 16 [6 2 3 4 0 5 1 7]]
[32 10 22 [6 0 3 4 5 2 1 7]]
[26 10 16 [7 3 5 4 0 2 6 1]]
[24 10 14 [7 3 5 4 2 6 0 1]]
[32 10 22 [7 0 5 4 2 3 6 1]]
[28 10 18 [2 0 3 4 7 6 5 1]]
[28 10 18 [0 3 5 4 1 2 6 7]]
[23 9 14 [2 0 3 1 4 6 5 7]]
[19 9 10 [2 3 5 1 4 6 0 7]]
[27 9 18 [2 0 5 1 4 3 6 7]]
[30 10 20 [4 3 5 0 2 6 1 7]]
[21 9 12 [3 1 5 0 2 6 4 7]]
[24 10 14 [2 6 1 4 5 0 7 3]]
[27 9 18 [2 0 3 1 7 6 5 4]]
[21 9 12 [2 3 5 1 7 6 0 4]]
[29 9 20 [2 0 5 1 7 3 6 4]]
[24 10 14 [2 3 1 7 4 0 6 5]]
[19 11 8 [2 3 1 7 5 4 6 0]]
[25 11 14 [1 4 5 7 0 2 6 3]]
[23 11 12 [1 4 5 7 2 6 0 3]]
[19 11 8 [1 5 3 4 2 6 0 7]]
[23 11 12 [1 5 3 0 2 6 7 4]]
[24 12 12 [1 5 3 4 0 6 7 2]]
[21 11 10 [1 3 5 4 0 2 6 7]]
[22 10 12 [2 3 5 1 4 0 6 7]]
[19 11 8 [2 3 5 1 7 4 6 0]]
[25 11 14 [2 0 1 4 5 6 7 3]]
[25 11 14 [5 2 1 4 0 6 7 3]]
[25 11 14 [3 0 1 7 2 4 6 5]]
[25 11 14 [2 3 1 7 0 4 6 5]]
[26 12 14 [0 1 5 7 2 4 6 3]]
[24 12 12 [1 5 0 7 2 4 6 3]]
[24 12 12 [1 4 5 7 2 0 6 3]]
[25 11 14 [3 0 5 1 2 4 6 7]]
[25 11 14 [2 3 5 1 0 4 6 7]]
[25 9 16 [3 1 0 5 4 6 7 2]]
[27 9 18 [4 1 0 5 2 6 7 3]]
[22 8 14 [6 1 4 3 2 5 0 7]]
[32 8 24 [6 0 4 3 2 1 5 7]]
[24 8 16 [7 1 4 3 2 6 0 5]]
[34 8 26 [6 0 1 4 7 2 5 3]]
[34 8 26 [3 0 6 4 7 2 5 1]]
[26 8 18 [3 6 5 4 7 2 0 1]]
[30 8 22 [0 6 1 2 3 5 7 4]]
[25 9 16 [3 1 0 4 6 5 7 2]]
[25 9 16 [3 5 1 4 6 0 7 2]]
[17 9 8 [7 3 1 5 2 6 4 0]]
[27 9 18 [7 3 0 5 2 6 1 4]]
[21 9 12 [2 1 5 4 0 3 6 7]]
[23 9 14 [7 1 5 0 3 2 6 4]]
[27 9 18 [4 1 0 5 3 6 7 2]]
[19 9 10 [4 1 5 2 3 6 7 0]]
[26 8 18 [3 6 4 1 2 0 5 7]]
[22 8 14 [3 6 4 1 2 5 7 0]]
[30 8 22 [3 6 0 1 2 5 4 7]]
[27 9 18 [4 3 5 1 6 0 7 2]]
[27 9 18 [0 3 5 1 4 6 7 2]]
[22 10 12 [4 3 5 1 2 6 7 0]]
[21 11 10 [1 3 5 0 2 6 7 4]]
[25 9 16 [4 2 0 1 3 6 5 7]]
[21 9 12 [4 2 1 7 3 6 5 0]]
[24 10 14 [0 2 1 4 3 6 5 7]]
[24 10 14 [7 2 1 4 3 6 0 5]]
[25 11 14 [4 3 5 7 1 0 6 2]]
[27 11 16 [0 3 5 7 4 1 6 2]]
[22 12 10 [4 3 5 7 2 1 6 0]]
[27 9 18 [3 0 1 4 6 5 7 2]]
[26 8 18 [4 2 0 1 6 3 5 7]]
[22 8 14 [4 2 1 7 6 3 5 0]]
[25 9 16 [0 2 1 4 6 3 5 7]]
[25 9 16 [7 2 1 4 6 3 0 5]]
[27 9 18 [5 3 6 4 2 1 0 7]]
[29 9 20 [7 3 6 4 2 5 0 1]]
[31 9 22 [7 3 6 0 2 5 1 4]]
[30 8 22 [3 6 4 7 5 0 1 2]]
[38 8 30 [0 6 4 7 3 5 1 2]]
[27 9 18 [3 6 4 7 2 5 1 0]]
[39 9 30 [6 0 4 7 2 5 1 3]]
[31 9 22 [3 0 6 7 2 5 1 4]]
[30 10 20 [7 3 0 4 2 1 6 5]]
[22 10 12 [7 3 4 5 2 1 6 0]]
[31 11 20 [0 3 4 7 2 1 6 5]]
[24 8 16 [3 0 1 2 4 6 5 7]]
[22 8 14 [4 3 1 2 0 6 5 7]]
[17 7 10 [3 1 4 2 6 5 0 7]]
[27 7 20 [3 0 4 2 6 1 5 7]]
[20 8 12 [3 1 4 2 7 6 0 5]]
[25 9 16 [2 3 1 7 6 0 5 4]]
[33 9 24 [0 4 3 7 2 6 5 1]]
[33 9 24 [4 6 3 7 2 0 5 1]]
[23 9 14 [4 3 7 1 2 6 5 0]]
[24 8 16 [2 1 4 7 6 0 5 3]]
[30 8 22 [3 6 7 4 2 0 5 1]]
[26 8 18 [3 6 7 4 2 5 1 0]]
[24 10 14 [7 3 5 4 2 0 1 6]]
[26 8 18 [6 3 1 4 7 2 0 5]]
[28 8 20 [6 3 1 0 7 2 5 4]]
[24 8 16 [7 3 1 4 6 5 0 2]]
[34 8 26 [7 0 1 4 6 3 5 2]]
[26 8 18 [3 0 1 2 7 6 5 4]]
[18 8 10 [3 1 5 4 7 0 2 6]]
[24 8 16 [3 1 0 4 7 2 5 6]]
[18 8 10 [3 1 5 4 6 7 2 0]]
[26 8 18 [3 1 0 4 6 7 5 2]]
[19 9 10 [3 1 5 0 7 2 6 4]]
[21 9 12 [2 1 5 3 0 6 7 4]]
[14 10 4 [3 1 5 7 2 6 4 0]]
[31 9 22 [3 0 5 4 6 1 7 2]]
[28 10 18 [4 3 5 0 7 2 6 1]]
[27 9 18 [4 0 3 1 2 6 5 7]]
[29 9 20 [4 5 1 0 2 3 6 7]]
[18 8 10 [2 1 4 7 3 6 5 0]]
[29 9 20 [2 0 5 4 6 1 7 3]]
[27 9 18 [3 6 1 4 0 2 7 5]]
[15 7 8 [2 1 4 3 6 5 0 7]]
[14 8 6 [2 1 4 3 6 5 7 0]]
[25 7 18 [2 0 4 3 6 1 5 7]]
[18 8 10 [2 1 4 3 7 6 0 5]]
[24 8 16 [2 1 4 0 7 6 5 3]]
[31 9 22 [5 0 4 3 2 1 6 7]]
[23 9 14 [3 1 0 4 2 6 5 7]]
[23 9 14 [2 3 0 4 1 6 5 7]]
[26 8 18 [0 3 1 4 6 2 5 7]]
[30 8 22 [0 6 1 4 2 3 5 7]]
[27 9 18 [0 3 1 4 6 5 7 2]]
[29 9 20 [0 3 1 4 7 6 5 2]]
[24 8 16 [2 1 0 4 7 3 6 5]]
[20 8 12 [2 3 4 5 7 6 1 0]]
[26 8 18 [3 6 1 4 0 2 5 7]]
[26 8 18 [3 6 1 5 0 2 7 4]]
[22 8 14 [3 6 1 5 2 7 0 4]]
[19 9 10 [2 3 1 4 7 6 0 5]]
[25 9 16 [4 3 7 5 2 6 0 1]]
[30 10 20 [3 0 5 4 2 6 7 1]]
[24 10 14 [2 3 5 4 0 6 7 1]]
[21 9 12 [3 4 7 5 2 1 6 0]]
[31 9 22 [3 4 6 7 2 0 1 5]]
[27 9 18 [3 4 6 7 2 1 5 0]]
[19 9 10 [3 1 4 7 2 6 5 0]]
[23 9 14 [3 1 0 7 2 6 4 5]]
[20 10 10 [3 2 1 4 7 6 0 5]]
[18 10 8 [1 5 4 3 2 6 7 0]]
[22 10 12 [1 5 7 4 2 0 6 3]]
[20 10 10 [1 5 7 4 2 6 3 0]]
[25 9 16 [6 2 1 4 7 3 0 5]]
[18 10 8 [1 5 4 2 3 6 7 0]]
[20 10 10 [1 5 7 4 3 6 2 0]]
[16 10 6 [3 1 4 2 5 6 7 0]]
[20 10 10 [3 1 7 4 5 6 2 0]]
[25 9 16 [0 3 1 5 4 2 6 7]]
[19 9 10 [4 3 1 5 2 6 7 0]]
[29 9 20 [0 4 1 5 2 3 6 7]]
[27 9 18 [4 1 0 5 2 3 6 7]]
[26 8 18 [0 1 4 5 3 2 6 7]]
[27 9 18 [0 1 4 5 3 6 7 2]]
[24 8 16 [3 1 0 4 6 2 5 7]]
[24 10 14 [0 1 5 7 3 2 6 4]]
[23 9 14 [3 1 0 5 2 6 7 4]]
[26 10 16 [0 3 1 7 4 2 6 5]]
[22 10 12 [4 3 1 7 2 6 5 0]]
[32 10 22 [4 3 0 7 2 6 1 5]]
[32 10 22 [0 4 1 7 2 3 6 5]]
[30 10 20 [4 1 0 7 2 3 6 5]]
[26 10 16 [0 3 5 1 4 2 6 7]]
[32 10 22 [0 4 5 1 2 3 6 7]]
[23 9 14 [3 5 4 7 2 0 1 6]]
[23 9 14 [3 5 0 7 2 1 4 6]]
[31 9 22 [7 3 4 0 2 6 1 5]]
[35 9 26 [7 6 3 4 0 2 1 5]]
[31 9 22 [7 6 3 4 2 1 0 5]]
[29 9 20 [7 0 3 1 2 6 5 4]]
[25 9 16 [7 3 1 0 2 6 5 4]]
[27 9 18 [2 6 3 4 0 7 1 5]]
[25 9 16 [2 6 3 4 7 1 0 5]]
[25 9 16 [2 3 1 7 6 0 4 5]]
[23 9 14 [1 0 4 3 2 6 5 7]]
[20 10 10 [1 2 5 4 0 3 6 7]]
[26 10 16 [1 0 5 4 3 2 6 7]]
[23 9 14 [6 2 1 4 3 0 5 7]]
[29 9 20 [6 2 0 4 3 5 1 7]]
[29 9 20 [6 2 0 1 3 5 7 4]]
[26 10 16 [0 2 1 4 6 5 7 3]]
[27 11 16 [0 3 5 7 4 2 6 1]]
[23 11 12 [4 3 5 7 2 6 1 0]]
[33 11 22 [0 4 5 7 2 3 6 1]]
[24 10 14 [0 3 5 1 7 2 6 4]]
[18 10 8 [7 3 5 1 2 6 4 0]]
[28 10 18 [0 7 5 1 2 3 6 4]]
[18 10 8 [1 4 5 3 2 6 7 0]]
[21 11 10 [1 2 0 4 3 6 5 7]]
[23 11 12 [1 2 0 5 3 6 7 4]]
[21 11 10 [1 5 3 0 2 4 6 7]]
[14 12 2 [1 5 3 7 2 4 6 0]]
[20 8 12 [4 3 1 2 6 5 0 7]]
[29 7 22 [3 0 6 1 4 2 5 7]]
[23 9 14 [7 3 4 1 2 6 5 0]]
[27 9 18 [3 1 0 4 7 6 5 2]]
[21 9 12 [2 3 5 4 7 6 1 0]]
[23 9 14 [3 2 5 4 0 1 6 7]]
[21 9 12 [3 1 5 2 0 6 7 4]]
[30 10 20 [3 0 5 4 1 6 7 2]]
[31 7 24 [4 0 6 1 3 2 5 7]]
[28 8 20 [2 6 0 4 3 5 1 7]]
[32 8 24 [7 6 1 4 3 0 2 5]]
[28 8 20 [7 6 1 4 3 2 5 0]]
[38 8 30 [7 6 0 4 3 2 1 5]]
[29 9 20 [3 0 7 4 2 1 6 5]]
[29 7 22 [3 0 6 1 7 2 5 4]]
[30 8 22 [3 5 6 4 0 2 1 7]]
[28 8 20 [6 1 0 3 2 5 7 4]]
[26 8 18 [6 5 1 3 2 0 7 4]]
[34 8 26 [3 6 0 4 7 2 1 5]]
[30 8 22 [0 6 3 1 4 2 5 7]]
[32 8 24 [4 6 0 1 2 5 3 7]]
[32 8 24 [6 4 0 3 2 5 1 7]]
[30 8 22 [6 5 4 3 2 0 1 7]]
[27 9 18 [2 4 3 7 0 6 1 5]]
[31 9 22 [4 6 3 7 2 1 0 5]]
[24 10 14 [1 6 5 4 2 7 3 0]]
[24 8 16 [3 6 7 1 2 5 0 4]]
[31 9 22 [6 0 1 4 3 5 7 2]]
[33 9 24 [3 0 6 4 5 7 1 2]]
[29 9 20 [7 1 4 0 2 3 6 5]]
[24 8 16 [2 3 7 1 6 5 0 4]]
[25 9 16 [3 0 1 4 2 5 7 6]]
[25 9 16 [1 5 6 4 3 0 2 7]]
[23 9 14 [4 3 1 6 2 5 0 7]]
[26 10 16 [0 3 1 4 2 6 7 5]]
[29 9 20 [0 4 3 5 2 6 1 7]]
[24 8 16 [3 6 1 5 2 0 4 7]]
[22 8 14 [3 1 5 4 6 0 2 7]]
[27 9 18 [4 3 1 7 6 0 5 2]]
[27 9 18 [0 3 1 7 4 6 5 2]]
[23 9 14 [4 3 1 7 6 5 2 0]]
[33 9 24 [4 3 0 7 6 5 1 2]]
[24 8 16 [3 1 4 7 6 0 5 2]]
[20 8 12 [3 1 4 7 6 5 2 0]]
[24 8 16 [3 1 0 7 6 5 4 2]]
[32 8 24 [3 4 0 7 6 1 5 2]]
[31 9 22 [6 0 1 4 2 5 7 3]]
[31 9 22 [6 5 1 4 0 2 7 3]]
[31 9 22 [3 0 6 4 2 5 7 1]]
[25 9 16 [2 3 6 4 0 5 7 1]]
[31 9 22 [3 5 6 4 0 2 7 1]]
[25 11 14 [7 3 5 0 2 1 6 4]]
[31 9 22 [6 3 5 4 0 1 7 2]]
[25 9 16 [0 3 1 4 2 6 5 7]]
[25 9 16 [0 3 1 5 2 6 7 4]]
[21 9 12 [2 4 3 1 0 6 5 7]]
[24 10 14 [3 1 0 4 2 6 7 5]]
[32 8 24 [0 6 1 4 3 7 2 5]]
[23 9 14 [3 6 1 4 5 7 2 0]]
[34 8 26 [0 3 6 4 7 2 1 5]]
[26 8 18 [3 5 6 1 0 2 7 4]]
[22 8 14 [3 5 6 1 2 7 0 4]]
[26 8 18 [3 0 7 1 2 6 5 4]]
[31 9 22 [6 5 1 4 0 3 7 2]]
[23 9 14 [6 3 1 4 2 5 0 7]]
[29 9 20 [6 3 1 0 2 5 7 4]]
[31 9 22 [6 0 3 4 2 5 1 7]]
[31 9 22 [6 0 3 1 2 5 7 4]]
[25 9 16 [6 3 7 1 2 5 0 4]]
[25 9 16 [2 6 3 4 0 5 1 7]]
[31 9 22 [6 5 3 4 0 2 1 7]]
[27 9 18 [6 5 3 4 2 1 0 7]]
[25 9 16 [7 3 4 5 2 6 0 1]]
[27 9 18 [2 7 3 1 0 6 5 4]]
[24 10 14 [1 7 3 0 2 6 5 4]]
[28 8 20 [2 0 5 4 6 1 3 7]]
[28 8 20 [6 1 5 4 0 3 2 7]]
[34 8 26 [6 0 5 4 3 1 2 7]]
[34 8 26 [5 0 6 4 3 2 1 7]]
[27 11 16 [1 0 5 4 2 6 7 3]]
[21 9 12 [1 6 4 3 2 5 0 7]]
[27 9 18 [1 6 4 0 2 5 7 3]]
[27 9 18 [1 0 6 3 2 5 4 7]]
[25 9 16 [1 6 3 0 2 5 4 7]]
[27 11 16 [1 0 5 4 3 6 7 2]]
[31 9 22 [3 6 4 7 2 0 5 1]]
[31 9 22 [3 6 0 7 2 5 4 1]]
[31 9 22 [3 4 0 7 2 6 5 1]]
[25 9 16 [3 5 6 7 2 0 4 1]]
[27 11 16 [3 0 1 4 5 6 7 2]]
[29 9 20 [2 0 3 7 4 6 1 5]]
[30 10 20 [1 6 4 7 2 0 5 3]]
[26 10 16 [1 6 4 7 2 5 3 0]]
[30 10 20 [1 6 0 7 2 5 4 3]]
[24 10 14 [1 6 5 3 2 0 7 4]]
[20 10 10 [1 6 5 3 2 7 4 0]]
[34 10 24 [0 7 3 4 2 6 1 5]]
[23 11 12 [2 7 3 4 5 6 1 0]]
[27 11 16 [0 3 5 7 2 6 4 1]]
[20 10 10 [1 4 3 7 2 6 5 0]]
[30 10 20 [1 4 0 7 2 6 3 5]]
[26 10 16 [1 4 0 5 2 6 7 3]]
[29 11 18 [7 2 3 4 0 6 1 5]]
[26 12 14 [7 2 3 4 5 6 0 1]]
[26 8 18 [3 6 1 7 4 0 2 5]]
[22 8 14 [3 6 1 7 4 2 5 0]]
[32 8 24 [3 6 0 7 4 2 1 5]]
[34 10 24 [7 0 3 4 2 6 5 1]]
[28 10 18 [2 7 3 4 0 6 5 1]]
[26 10 16 [7 3 5 0 2 6 1 4]]
[32 8 24 [4 6 1 7 3 0 2 5]]
[28 8 20 [4 6 1 7 3 2 5 0]]
[38 8 30 [4 6 0 7 3 2 1 5]]
[25 9 16 [3 7 0 5 2 1 6 4]]
[17 9 8 [3 1 7 5 2 0 6 4]]
[22 10 12 [2 1 0 4 5 3 7 6]]
[18 10 8 [2 3 1 4 5 0 7 6]]
[23 9 14 [2 3 6 4 5 0 1 7]]
[23 9 14 [2 3 0 4 5 1 6 7]]
[29 9 20 [2 6 0 4 5 3 1 7]]
[32 10 22 [4 3 6 7 2 0 5 1]]
[28 10 18 [4 3 6 7 2 5 1 0]]
[25 9 16 [2 3 5 0 4 6 7 1]]
[23 9 14 [1 0 4 2 3 6 5 7]]
[21 9 12 [1 4 2 0 3 6 5 7]]
[19 9 10 [1 4 5 2 3 6 0 7]]
[29 9 20 [1 0 4 7 3 6 5 2]]
[29 9 20 [1 4 7 0 3 6 5 2]]
[31 9 22 [1 6 4 7 0 3 5 2]]
[27 9 18 [1 6 4 7 3 5 0 2]]
[25 9 16 [6 1 5 4 2 3 0 7]]
[35 9 26 [6 0 5 4 2 1 3 7]]
[29 9 20 [6 1 5 0 2 3 7 4]]
[27 9 18 [2 3 5 0 7 6 4 1]]
[28 10 18 [1 0 4 7 3 2 6 5]]
[24 10 14 [1 2 4 7 0 3 6 5]]
[20 10 10 [1 2 4 7 3 6 0 5]]
[29 9 20 [3 0 1 4 7 6 2 5]]
[27 9 18 [7 3 1 4 0 6 2 5]]
[19 9 10 [3 1 2 4 7 6 0 5]]
[26 10 16 [1 3 0 6 2 5 7 4]]
[18 10 8 [1 3 6 4 2 5 7 0]]
[32 10 22 [6 3 4 7 2 0 5 1]]
[28 10 18 [6 3 4 7 2 5 1 0]]
[32 10 22 [6 3 0 7 2 5 4 1]]
[27 9 18 [2 3 4 7 6 0 5 1]]
[23 9 14 [2 3 4 7 6 5 1 0]]
[31 9 22 [2 3 0 7 6 5 4 1]]
[24 10 14 [3 6 1 7 2 4 0 5]]
[32 10 22 [3 0 6 7 2 4 1 5]]
[30 10 20 [5 0 3 4 2 6 1 7]]
[24 10 14 [2 5 3 4 0 6 1 7]]
[25 11 14 [6 2 3 4 5 0 1 7]]
[29 11 18 [0 2 3 4 7 6 5 1]]
[24 10 14 [0 2 3 1 4 6 5 7]]
[17 11 6 [1 2 3 7 4 6 5 0]]
[28 10 18 [0 2 3 1 7 6 5 4]]
[22 10 12 [2 3 5 1 7 0 6 4]]
[24 10 14 [2 5 3 4 6 0 7 1]]
[32 10 22 [6 0 1 4 5 3 7 2]]
[22 8 14 [2 1 4 7 6 3 0 5]]
[27 9 18 [7 2 1 4 0 3 6 5]]
[28 8 20 [6 1 4 7 3 2 0 5]]
[30 10 20 [0 4 3 5 2 6 7 1]]
[26 8 18 [3 6 5 1 4 0 2 7]]
[22 8 14 [3 6 5 1 4 2 7 0]]
[26 10 16 [2 3 5 4 0 7 6 1]]
[24 10 14 [3 2 0 4 1 6 5 7]]
[26 10 16 [1 5 0 2 3 6 7 4]]
[30 8 22 [4 6 5 1 3 0 2 7]]
[26 8 18 [4 6 5 1 3 2 7 0]]
[24 8 16 [3 6 5 1 7 0 2 4]]
[20 8 12 [3 6 5 1 7 2 4 0]]
[31 9 22 [4 6 3 0 2 5 7 1]]
[23 9 14 [2 5 3 1 6 0 7 4]]
[33 9 24 [6 3 4 7 0 1 5 2]]
[29 9 20 [6 1 4 7 2 3 0 5]]
[27 9 18 [3 2 6 4 0 7 1 5]]
[25 9 16 [3 2 6 4 7 1 0 5]]
[27 9 18 [0 1 5 4 2 6 3 7]]
[20 10 10 [1 4 5 7 3 6 2 0]]
[18 12 6 [1 2 3 4 7 6 0 5]]
[20 12 8 [1 3 5 0 2 7 6 4]]
[15 13 2 [1 2 3 4 6 5 7 0]]
[33 9 24 [4 0 1 7 3 6 5 2]]
[29 9 20 [4 3 1 0 7 6 5 2]]
[27 9 18 [7 3 1 0 4 6 5 2]]
[25 9 16 [3 1 0 4 7 2 6 5]]
[32 10 22 [4 0 1 7 3 2 6 5]]
[28 10 18 [4 3 1 0 7 2 6 5]]
[25 9 16 [3 1 4 0 7 2 6 5]]
[15 9 6 [3 1 7 5 2 6 4 0]]
[32 10 22 [4 0 5 1 3 2 6 7]]
[24 10 14 [2 1 5 0 4 6 7 3]]
[27 9 18 [3 5 4 2 0 1 6 7]]
[27 9 18 [3 5 4 6 2 1 0 7]]
[27 9 18 [6 4 3 1 2 0 5 7]]
[28 10 18 [4 3 5 2 0 6 7 1]]
[22 10 12 [3 2 1 0 4 6 5 7]]
[27 9 18 [6 2 1 0 4 3 5 7]]
[29 11 18 [6 2 3 4 7 0 1 5]]
[30 12 18 [0 2 5 4 3 6 7 1]]
[27 9 18 [4 0 1 2 3 6 5 7]]
[24 8 16 [3 6 1 5 4 2 0 7]]
[28 10 18 [3 0 5 2 1 6 7 4]]
[28 8 20 [4 6 1 3 0 2 5 7]]
[26 8 18 [4 6 1 5 3 2 0 7]]
[15 9 6 [2 3 1 4 6 5 7 0]]
[39 9 30 [7 6 0 4 3 2 5 1]]
[22 10 12 [3 1 4 2 0 6 7 5]]
