[30 8 22 [6 0 3 4 2 1 5 7]]
[26 8 18 [6 2 3 0 4 1 5 7]]
[25 7 18 [1 0 4 6 3 2 5 7]]
[24 8 16 [1 6 3 0 4 2 5 7]]
[30 10 20 [0 3 4 7 2 5 6 1]]
[29 9 20 [6 2 0 4 1 5 7 3]]
[27 7 20 [6 3 7 1 0 2 5 4]]
[23 9 14 [1 3 0 7 6 2 5 4]]
[28 8 20 [0 3 4 7 5 1 2 6]]
[30 8 22 [6 3 0 7 5 1 2 4]]
[36 6 30 [7 6 4 0 1 3 2 5]]
[29 7 22 [3 6 4 7 1 0 2 5]]
[27 7 20 [5 6 4 7 1 3 2 0]]
[27 7 20 [2 6 3 7 1 0 4 5]]
[21 7 14 [5 6 3 7 1 2 4 0]]
[23 7 16 [0 3 7 5 1 2 4 6]]
[37 7 30 [7 6 4 0 2 3 5 1]]
[30 8 22 [3 6 4 7 2 0 5 1]]
[30 8 22 [6 3 5 0 4 1 2 7]]
[26 8 18 [6 3 5 1 0 2 7 4]]
[24 8 16 [4 2 3 0 6 1 5 7]]
[23 9 14 [7 2 3 4 6 1 5 0]]
[32 8 24 [6 0 3 7 2 1 4 5]]
[30 8 22 [6 2 3 0 7 1 4 5]]
[30 8 22 [1 0 4 7 6 3 2 5]]
[24 8 16 [1 0 3 7 6 2 4 5]]
[26 8 18 [1 6 3 0 7 2 4 5]]
[33 7 26 [0 3 4 6 7 2 5 1]]
[29 7 22 [2 0 4 7 1 3 5 6]]
[31 7 24 [2 0 4 7 6 3 5 1]]
[28 6 22 [3 0 4 6 1 2 5 7]]
[28 6 22 [3 0 7 6 1 2 4 5]]
[29 7 22 [0 3 4 6 1 2 5 7]]
[29 7 22 [0 3 7 6 1 2 4 5]]
[30 8 22 [0 3 4 6 2 5 1 7]]
[30 8 22 [0 3 7 6 2 5 4 1]]
[31 7 24 [6 5 0 7 1 3 2 4]]
[28 8 20 [0 3 5 6 1 2 4 7]]
[30 8 22 [6 2 3 0 7 1 5 4]]
[29 7 22 [6 0 2 4 1 5 3 7]]
[27 7 20 [6 2 4 0 1 5 3 7]]
[26 8 18 [1 6 3 0 7 2 5 4]]
[28 8 20 [6 2 0 4 1 5 3 7]]
[28 8 20 [6 2 0 3 1 5 7 4]]
[27 9 18 [0 2 3 6 1 5 7 4]]
[20 8 12 [1 3 4 6 7 2 5 0]]
[27 7 20 [0 1 4 6 2 3 5 7]]
[26 6 20 [3 0 4 1 6 2 5 7]]
[32 6 26 [6 0 4 5 1 3 2 7]]
[29 7 22 [6 3 4 5 0 2 7 1]]
[26 6 20 [3 4 7 0 1 2 5 6]]
[31 7 24 [7 6 3 0 1 2 5 4]]
[31 7 24 [6 3 7 4 0 2 5 1]]
[30 6 24 [3 4 7 0 6 2 5 1]]
[26 8 18 [1 4 7 0 2 3 5 6]]
[37 7 30 [6 0 4 7 1 3 2 5]]
[31 7 24 [3 0 4 7 6 1 2 5]]
[29 7 22 [6 3 4 0 1 2 5 7]]
[32 8 24 [6 3 4 7 0 2 5 1]]
[31 7 24 [6 0 3 7 1 2 4 5]]
[29 7 22 [6 3 7 0 1 2 4 5]]
[38 8 30 [6 0 4 7 2 3 5 1]]
[30 8 22 [6 3 4 0 2 5 1 7]]
[32 8 24 [6 0 3 7 2 5 4 1]]
[30 8 22 [6 3 7 0 2 5 4 1]]
[32 8 24 [6 0 5 7 1 3 2 4]]
[26 8 18 [3 0 5 7 6 1 2 4]]
[18 10 8 [1 3 5 7 6 0 2 4]]
[27 9 18 [6 3 5 7 0 2 4 1]]
[33 7 26 [6 0 5 4 1 3 2 7]]
[29 7 22 [3 0 5 4 6 1 2 7]]
[30 8 22 [4 3 5 0 6 1 2 7]]
[21 9 12 [1 3 5 4 6 0 2 7]]
[30 8 22 [6 3 5 4 0 2 7 1]]
[23 9 14 [6 2 3 4 7 1 5 0]]
[29 7 22 [2 0 3 7 6 1 4 5]]
[30 8 22 [7 2 3 0 6 1 4 5]]
[21 9 12 [1 2 3 7 6 0 4 5]]
[30 8 22 [6 2 3 7 0 4 5 1]]
[33 7 26 [6 2 7 0 1 4 3 5]]
[30 8 22 [0 6 3 4 1 2 5 7]]
[21 9 12 [1 6 3 4 7 2 5 0]]
[26 8 18 [1 6 0 4 2 5 3 7]]
[22 8 14 [1 3 4 6 0 2 5 7]]
[26 8 18 [1 0 4 6 2 3 5 7]]
[24 8 16 [1 0 3 6 2 5 4 7]]
[24 8 16 [6 2 3 7 4 1 5 0]]
[33 7 26 [6 2 0 7 1 5 3 4]]
[34 8 26 [6 4 5 7 0 2 3 1]]
[34 8 26 [6 4 5 0 2 3 1 7]]
[24 8 16 [0 1 3 7 2 6 4 5]]
[25 9 16 [1 6 3 0 2 4 5 7]]
[29 9 20 [1 6 7 0 2 4 3 5]]
[16 8 8 [1 3 7 6 5 2 4 0]]
[33 9 24 [6 0 5 7 2 3 4 1]]
[34 8 26 [6 0 5 4 2 3 7 1]]
[18 10 8 [1 3 4 7 2 5 0 6]]
[22 10 12 [1 3 4 0 2 5 6 7]]
[21 9 12 [6 2 3 4 1 5 0 7]]
[27 9 18 [6 2 3 0 1 5 7 4]]
[26 10 16 [6 2 3 4 0 5 7 1]]
[24 10 14 [6 2 3 4 5 7 0 1]]
[32 10 22 [6 0 3 4 5 2 7 1]]
[29 7 22 [6 3 0 5 1 2 4 7]]
[27 7 20 [3 4 0 7 1 2 5 6]]
[31 7 24 [0 6 3 7 1 2 5 4]]
[20 8 12 [1 6 3 7 4 2 5 0]]
[31 7 24 [3 4 0 7 6 2 5 1]]
[25 7 18 [3 2 4 7 6 0 5 1]]
[20 8 12 [3 2 4 7 1 6 5 0]]
[27 9 18 [1 4 0 7 2 3 5 6]]
[19 9 10 [1 6 3 4 2 5 0 7]]
[25 9 16 [1 6 3 0 2 5 7 4]]
[24 10 14 [1 6 3 4 0 5 7 2]]
[33 9 24 [6 5 0 7 2 4 3 1]]
[33 9 24 [6 4 5 7 2 0 3 1]]
[23 9 14 [1 0 3 7 2 6 4 5]]
[21 9 12 [1 3 7 0 2 6 4 5]]
[22 8 14 [1 3 7 6 0 2 4 5]]
[28 8 20 [1 0 7 6 2 3 4 5]]
[26 10 16 [6 3 5 7 2 0 4 1]]
[32 10 22 [6 3 0 7 2 4 5 1]]
[28 8 20 [6 3 5 0 1 2 4 7]]
[20 8 12 [3 4 5 7 1 2 0 6]]
[26 8 18 [3 4 5 0 1 2 6 7]]
[25 9 16 [3 4 5 7 0 2 6 1]]
[24 8 16 [1 6 3 7 0 2 5 4]]
[20 10 10 [1 4 5 7 2 3 0 6]]
[26 10 16 [1 4 5 0 2 3 6 7]]
[21 9 12 [1 3 7 6 2 0 4 5]]
[37 7 30 [0 6 4 7 3 1 2 5]]
[37 7 30 [6 4 0 7 3 1 2 5]]
[29 7 22 [6 1 4 7 3 0 2 5]]
[33 7 26 [6 3 0 4 7 1 2 5]]
[25 7 18 [6 3 4 5 7 1 2 0]]
[26 8 18 [1 4 0 7 3 2 5 6]]
[20 8 12 [1 2 4 7 3 0 5 6]]
[22 8 14 [1 3 0 4 7 2 5 6]]
[23 7 16 [2 3 4 6 0 1 5 7]]
[19 7 12 [2 3 4 6 1 5 0 7]]
[27 7 20 [7 3 4 6 1 2 0 5]]
[27 7 20 [7 3 4 0 1 2 5 6]]
[27 7 20 [0 3 7 1 6 2 4 5]]
[29 7 22 [6 3 7 4 1 0 2 5]]
[25 7 18 [6 3 7 4 1 2 5 0]]
[31 7 24 [7 3 0 4 6 1 2 5]]
[23 7 16 [7 3 4 5 6 1 2 0]]
[32 8 24 [0 3 4 7 6 1 2 5]]
[24 8 16 [5 3 4 7 6 1 0 2]]
[32 8 24 [0 3 4 7 6 5 1 2]]
[27 9 18 [6 3 4 7 2 5 1 0]]
[23 9 14 [6 3 1 7 2 5 0 4]]
[27 7 20 [4 6 3 7 1 2 5 0]]
[24 8 16 [2 6 3 4 0 1 5 7]]
[20 8 12 [2 6 3 4 1 5 0 7]]
[30 8 22 [7 6 3 4 1 2 0 5]]
[26 8 18 [3 0 5 4 1 2 7 6]]
[22 8 14 [1 3 0 4 6 2 5 7]]
[20 10 10 [1 3 4 7 5 0 6 2]]
[17 11 6 [1 3 4 7 2 5 6 0]]
[27 7 20 [6 3 4 1 7 2 0 5]]
[33 7 26 [6 3 4 0 7 2 5 1]]
[23 7 16 [3 2 4 7 1 0 5 6]]
[21 9 12 [1 3 4 7 6 2 0 5]]
[28 6 22 [6 4 7 5 1 3 2 0]]
[23 7 16 [7 6 3 5 1 2 4 0]]
[27 7 20 [0 3 7 5 6 2 4 1]]
[29 7 22 [2 6 4 7 3 0 5 1]]
[27 9 18 [1 6 4 7 2 3 0 5]]
[29 7 22 [6 4 7 1 2 3 5 0]]
[28 8 20 [6 3 4 7 5 1 0 2]]
[25 9 16 [6 3 5 7 4 1 0 2]]
[26 8 18 [6 3 5 4 7 1 0 2]]
[28 8 20 [6 3 5 0 7 1 2 4]]
[23 7 16 [6 3 7 5 1 2 0 4]]
[25 9 16 [6 3 5 7 1 0 2 4]]
[21 9 12 [6 3 5 7 1 2 4 0]]
[15 9 6 [1 5 3 7 2 0 4 6]]
[17 9 8 [1 3 7 6 2 5 4 0]]
[16 8 8 [2 1 3 4 6 0 5 7]]
[14 10 4 [1 2 3 4 6 5 0 7]]
[13 11 2 [1 2 3 4 6 5 7 0]]
[27 7 20 [0 3 4 1 6 2 5 7]]
[31 7 24 [0 6 4 1 2 3 5 7]]
[31 7 24 [6 4 0 1 2 3 5 7]]
[26 8 18 [1 6 4 7 5 3 0 2]]
[26 8 18 [1 6 4 0 5 3 2 7]]
[17 9 8 [2 1 3 4 0 6 5 7]]
[21 9 12 [1 3 4 0 2 6 5 7]]
[23 9 14 [1 6 3 4 0 2 5 7]]
[19 9 10 [1 6 3 7 5 2 4 0]]
[37 7 30 [6 0 4 7 3 2 5 1]]
[31 7 24 [3 6 4 7 0 2 5 1]]
[31 7 24 [6 2 4 7 0 3 5 1]]
[27 7 20 [6 2 4 7 3 5 0 1]]
[24 8 16 [2 3 4 7 1 0 5 6]]
[26 8 18 [2 3 0 7 1 5 4 6]]
[31 7 24 [7 3 4 0 6 2 5 1]]
[25 7 18 [7 3 4 1 6 2 0 5]]
[26 8 18 [2 3 4 7 6 0 5 1]]
[22 8 14 [2 3 4 7 6 5 1 0]]
[30 8 22 [2 3 0 7 6 5 4 1]]
[28 6 22 [3 4 6 0 1 2 5 7]]
[29 7 22 [6 4 2 7 1 3 0 5]]
[25 7 18 [3 4 2 7 6 1 0 5]]
[23 7 16 [3 1 4 7 0 6 2 5]]
[21 7 14 [3 1 4 7 6 2 0 5]]
[30 8 22 [6 0 3 4 2 5 1 7]]
[22 8 14 [6 3 1 4 2 5 0 7]]
[24 8 16 [6 3 7 1 2 5 0 4]]
[25 7 18 [6 5 2 4 1 3 0 7]]
[30 8 22 [3 0 5 4 6 2 7 1]]
[27 9 18 [6 2 3 4 7 0 1 5]]
[24 8 16 [1 3 4 6 7 0 2 5]]
[24 8 16 [1 3 0 6 7 2 4 5]]
[25 9 16 [1 6 3 4 7 0 2 5]]
[25 9 16 [6 2 3 4 0 1 5 7]]
[26 8 18 [1 4 6 0 2 3 5 7]]
[27 7 20 [6 3 4 5 1 0 2 7]]
[29 7 22 [0 3 4 5 6 1 2 7]]
[23 7 16 [6 3 4 5 1 2 7 0]]
[31 7 24 [0 6 3 5 1 2 4 7]]
[29 7 22 [0 2 4 7 3 1 5 6]]
[25 7 18 [3 2 0 7 1 5 4 6]]
[21 7 14 [3 2 4 7 6 5 1 0]]
[29 7 22 [3 2 0 7 6 5 4 1]]
[23 9 14 [1 3 4 7 0 6 2 5]]
[32 8 24 [6 3 4 7 0 5 1 2]]
[32 8 24 [6 0 3 7 5 1 4 2]]
[33 7 26 [6 4 2 7 0 1 3 5]]
[27 7 20 [6 3 7 5 0 1 2 4]]
[30 8 22 [6 3 4 7 1 0 2 5]]
[26 8 18 [6 3 4 7 1 2 5 0]]
[30 8 22 [6 3 0 7 1 2 4 5]]
[31 9 22 [6 3 4 7 2 0 5 1]]
[31 9 22 [6 3 0 7 2 5 4 1]]
[27 9 18 [0 3 5 7 6 1 2 4]]
[28 8 20 [6 3 5 4 1 0 2 7]]
[30 8 22 [0 3 5 4 6 1 2 7]]
[24 8 16 [6 3 5 4 1 2 7 0]]
[28 8 20 [6 2 3 7 1 0 4 5]]
[30 8 22 [0 2 3 7 6 1 4 5]]
[25 9 16 [6 2 3 7 5 1 4 0]]
[24 8 16 [6 2 3 7 1 4 5 0]]
[34 8 26 [6 2 0 7 1 4 3 5]]
[29 9 20 [6 2 3 7 5 0 1 4]]
[36 8 28 [0 6 2 7 1 4 3 5]]
[21 9 12 [1 3 4 6 2 0 5 7]]
[17 9 8 [1 3 4 6 2 5 7 0]]
[25 9 16 [1 3 0 6 2 5 4 7]]
[21 9 12 [1 3 0 4 2 5 7 6]]
[24 8 16 [6 3 4 1 2 5 0 7]]
[30 8 22 [6 3 4 0 2 5 7 1]]
[28 8 20 [6 3 1 0 2 5 4 7]]
[30 8 22 [6 2 3 7 0 1 5 4]]
[26 8 18 [6 2 3 7 1 5 0 4]]
[26 8 18 [6 2 3 0 1 5 4 7]]
[28 8 20 [1 6 4 7 3 0 2 5]]
[24 8 16 [1 6 4 7 3 2 5 0]]
[28 8 20 [1 6 0 7 3 2 4 5]]
[28 8 20 [1 4 0 7 3 6 2 5]]
[23 9 14 [1 6 3 7 5 0 2 4]]
[29 9 20 [6 4 5 7 2 3 1 0]]
[20 10 10 [1 6 3 7 2 4 5 0]]
[30 10 20 [1 6 0 7 2 4 3 5]]
[21 7 14 [3 2 4 6 1 0 5 7]]
[27 7 20 [0 2 4 6 3 1 5 7]]
[25 7 18 [3 2 0 6 1 5 4 7]]
[29 9 20 [6 3 5 4 2 0 7 1]]
[25 9 16 [6 3 5 4 2 7 1 0]]
[24 8 16 [3 4 5 7 0 1 2 6]]
[26 8 18 [3 4 5 7 0 6 2 1]]
[24 8 16 [3 4 5 7 6 2 0 1]]
[26 8 18 [3 2 4 7 0 6 5 1]]
[34 10 24 [6 0 5 7 2 4 3 1]]
[18 10 8 [1 3 4 7 2 6 5 0]]
[22 10 12 [1 3 0 7 2 6 4 5]]
[25 11 14 [6 3 5 7 2 4 0 1]]
[23 9 14 [1 6 3 7 2 0 5 4]]
[19 9 10 [1 6 3 7 2 5 4 0]]
[29 9 20 [1 6 0 7 2 5 3 4]]
[20 10 10 [1 3 7 6 2 4 0 5]]
[20 10 10 [1 3 7 0 2 4 5 6]]
[26 10 16 [1 3 6 0 2 4 7 5]]
[31 9 22 [0 6 3 4 1 2 7 5]]
[22 8 14 [6 3 2 4 5 1 0 7]]
[32 8 24 [0 6 3 5 1 2 7 4]]
[16 10 6 [1 3 5 4 2 6 7 0]]
[32 8 24 [6 4 5 7 3 0 2 1]]
[28 8 20 [6 4 5 7 3 2 1 0]]
[34 8 26 [0 6 3 4 7 2 5 1]]
[28 8 20 [6 3 5 4 7 0 2 1]]
[24 8 16 [6 3 5 4 7 2 1 0]]
[30 8 22 [0 7 3 4 1 2 5 6]]
[22 8 14 [7 3 5 4 1 0 2 6]]
[34 8 26 [0 7 3 4 6 2 5 1]]
[26 8 18 [7 3 5 4 6 0 2 1]]
[22 8 14 [7 3 5 4 6 2 1 0]]
[27 7 20 [3 4 5 6 1 0 2 7]]
[23 7 16 [3 4 5 6 1 2 7 0]]
[23 9 14 [6 5 3 7 2 4 1 0]]
[23 9 14 [1 6 5 7 3 0 2 4]]
[24 8 16 [1 6 5 4 3 0 2 7]]
[25 9 16 [1 4 5 6 2 0 3 7]]
[21 9 12 [1 4 5 6 2 3 7 0]]
[26 8 18 [6 2 3 5 0 1 4 7]]
[22 8 14 [6 2 3 5 1 4 0 7]]
[20 10 10 [1 3 6 7 2 5 0 4]]
[22 8 14 [3 2 4 0 1 5 7 6]]
[23 9 14 [6 3 7 1 2 4 5 0]]
[31 9 22 [6 3 0 1 2 4 7 5]]
[16 10 6 [1 3 5 4 2 7 0 6]]
[26 10 16 [6 2 3 4 0 1 7 5]]
[19 9 10 [1 3 7 6 2 5 0 4]]
[31 9 22 [0 6 3 4 5 1 2 7]]
[23 9 14 [6 1 3 4 5 0 2 7]]
[23 9 14 [6 3 7 5 2 4 1 0]]
[31 9 22 [6 3 0 5 2 4 7 1]]
[27 9 18 [6 2 3 5 0 1 7 4]]
[18 10 8 [1 3 5 6 2 7 0 4]]
[27 9 18 [6 2 3 4 0 7 5 1]]
[25 9 16 [6 2 3 4 7 5 0 1]]
[27 9 18 [7 2 3 4 0 1 5 6]]
[23 9 14 [7 2 3 4 1 5 0 6]]
[23 9 14 [7 3 5 0 1 2 6 4]]
[25 9 16 [7 2 3 4 6 5 0 1]]
[28 10 18 [6 3 5 7 0 4 2 1]]
[13 11 2 [1 3 5 7 2 6 4 0]]
[28 10 18 [0 2 3 4 7 6 5 1]]
[31 7 24 [6 0 4 1 3 2 5 7]]
[33 9 24 [6 0 5 7 3 1 2 4]]
[34 8 26 [6 0 5 4 3 1 2 7]]
[30 8 22 [1 6 4 0 7 3 2 5]]
[28 8 20 [6 3 4 5 7 2 0 1]]
[26 8 18 [7 3 4 1 0 2 5 6]]
[22 8 14 [7 3 4 5 1 2 0 6]]
[32 8 24 [7 3 4 6 0 2 5 1]]
[26 8 18 [7 3 4 5 6 2 0 1]]
[28 8 20 [2 3 7 6 1 0 4 5]]
[20 8 12 [5 3 7 6 1 2 4 0]]
[29 9 20 [6 3 7 4 2 5 0 1]]
[27 9 18 [6 3 5 1 0 2 4 7]]
[35 9 26 [6 0 5 4 3 2 7 1]]
[31 9 22 [6 3 5 0 4 2 7 1]]
[28 10 18 [0 2 3 4 7 1 5 6]]
[25 9 16 [1 3 0 6 7 2 5 4]]
[14 10 4 [1 3 7 5 2 6 4 0]]
[28 10 18 [0 3 4 1 2 5 6 7]]
[26 10 16 [6 2 3 1 0 5 7 4]]
[20 8 12 [2 3 4 1 6 0 5 7]]
[28 8 20 [0 3 4 5 1 2 7 6]]
[28 8 20 [2 6 3 7 1 0 5 4]]
[28 8 20 [0 3 7 4 1 2 5 6]]
[27 9 18 [7 3 5 0 6 1 2 4]]
[24 10 14 [4 3 5 7 6 1 2 0]]
[23 9 14 [7 3 5 4 6 1 2 0]]
[23 9 14 [5 2 3 7 6 1 4 0]]
[30 10 20 [0 2 3 7 5 1 4 6]]
[29 9 20 [0 2 3 7 1 4 5 6]]
[35 9 26 [6 2 0 7 1 4 5 3]]
[23 9 14 [1 3 4 6 0 5 7 2]]
[26 10 16 [1 3 0 6 2 5 7 4]]
[33 9 24 [6 0 3 7 2 1 5 4]]
[35 9 26 [6 4 5 7 0 3 1 2]]
[32 10 22 [0 4 5 7 2 3 1 6]]
[26 10 16 [1 6 3 7 0 4 5 2]]
[31 11 20 [1 6 0 7 2 4 5 3]]
[14 10 4 [1 5 3 7 2 4 0 6]]
[13 11 2 [1 5 3 7 2 4 6 0]]
[23 9 14 [1 3 7 0 6 2 4 5]]
[25 9 16 [1 0 3 7 6 2 5 4]]
[31 9 22 [3 0 4 7 2 6 5 1]]
[27 9 18 [3 2 4 0 7 6 5 1]]
[32 10 22 [0 4 5 7 1 2 6 3]]
[25 11 14 [1 4 5 7 0 3 6 2]]
[34 8 26 [0 3 4 6 7 1 2 5]]
[28 8 20 [0 1 4 7 3 2 5 6]]
[27 7 20 [2 0 4 6 1 3 5 7]]
[22 8 14 [6 3 7 1 5 2 4 0]]
[30 8 22 [5 3 4 0 6 1 2 7]]
[25 9 16 [5 3 4 7 0 1 2 6]]
[29 9 20 [3 0 4 7 2 5 1 6]]
[27 9 18 [2 3 4 7 0 5 1 6]]
[33 9 24 [6 0 3 7 2 5 1 4]]
[31 9 22 [6 3 7 0 2 5 1 4]]
[23 9 14 [3 0 5 7 1 2 4 6]]
[31 7 24 [4 6 0 3 1 2 5 7]]
[35 9 26 [7 6 3 4 0 2 5 1]]
[27 9 18 [4 3 5 0 1 2 7 6]]
[28 8 20 [6 3 7 4 1 2 0 5]]
[25 9 16 [0 1 3 4 6 2 5 7]]
[30 10 20 [0 3 4 7 1 5 6 2]]
[23 11 12 [1 0 3 7 2 5 6 4]]
[21 11 10 [1 3 7 0 2 5 6 4]]
[24 10 14 [2 0 3 4 1 5 7 6]]
[29 7 22 [3 0 7 6 1 2 5 4]]
[30 8 22 [0 3 4 6 5 1 2 7]]
[30 8 22 [0 3 7 6 1 2 5 4]]
[28 8 20 [3 0 4 7 1 2 5 6]]
[23 9 14 [1 3 4 0 6 2 5 7]]
[24 8 16 [2 1 4 7 0 3 5 6]]
[37 7 30 [0 4 7 6 1 3 2 5]]
[33 7 26 [7 6 0 3 1 2 4 5]]
[26 8 18 [2 6 4 7 1 3 5 0]]
[27 9 18 [1 6 4 0 2 3 5 7]]
[38 8 30 [0 4 7 6 2 3 5 1]]
[30 8 22 [6 3 4 0 5 1 2 7]]
[32 8 24 [6 0 3 7 1 2 5 4]]
[30 8 22 [6 3 7 0 1 2 5 4]]
[28 8 20 [3 0 5 6 1 2 7 4]]
[31 9 22 [6 3 0 7 1 2 5 4]]
[29 9 20 [0 3 4 7 1 2 5 6]]
[20 10 10 [1 3 4 7 6 2 5 0]]
[29 9 20 [0 1 4 7 2 3 5 6]]
[23 9 14 [0 1 3 7 2 5 4 6]]
[30 8 22 [6 3 0 4 1 2 5 7]]
[24 8 16 [2 3 0 4 6 1 5 7]]
[24 10 14 [1 0 3 4 6 2 5 7]]
[26 8 18 [6 3 4 1 7 2 5 0]]
[32 8 24 [7 6 3 0 1 2 4 5]]
[38 8 30 [6 4 7 0 2 3 5 1]]
[32 8 24 [0 6 3 7 1 2 4 5]]
[25 9 16 [1 6 3 7 0 2 4 5]]
[37 7 30 [6 4 7 0 3 2 5 1]]
[23 9 14 [2 3 4 7 6 1 5 0]]
[32 8 24 [3 0 4 7 6 2 5 1]]
[21 9 12 [2 3 4 7 1 6 5 0]]
[37 7 30 [6 4 7 0 1 3 2 5]]
[31 7 24 [3 4 7 0 6 1 2 5]]
[31 9 22 [0 3 4 7 1 6 2 5]]
[18 10 8 [1 3 4 7 5 6 2 0]]
[28 8 20 [6 3 7 5 0 2 4 1]]
[32 8 24 [2 6 4 7 0 3 5 1]]
[26 10 16 [1 6 4 7 2 3 5 0]]
[30 8 22 [2 6 3 7 0 5 4 1]]
[28 8 20 [6 5 3 7 0 2 4 1]]
[27 9 18 [3 0 5 7 6 2 4 1]]
[15 11 4 [1 3 5 7 6 2 4 0]]
[34 8 26 [4 6 5 0 1 3 2 7]]
[33 7 26 [6 5 4 0 1 3 2 7]]
[31 9 22 [4 3 5 0 6 2 7 1]]
[18 10 8 [1 3 5 4 6 2 7 0]]
[33 9 24 [6 2 0 4 7 1 3 5]]
[31 9 22 [1 6 0 4 7 2 3 5]]
[22 10 12 [1 3 4 7 0 2 5 6]]
[28 10 18 [1 0 4 7 2 3 5 6]]
[22 10 12 [1 0 3 7 2 5 4 6]]
[20 10 10 [1 3 7 0 2 5 4 6]]
[22 10 12 [1 0 3 4 2 5 6 7]]
[20 10 10 [1 3 6 4 2 5 0 7]]
[31 9 22 [6 0 3 4 1 2 5 7]]
[26 10 16 [2 0 3 4 6 5 7 1]]
[30 8 22 [0 3 4 6 1 2 7 5]]
[22 8 14 [3 2 4 7 6 1 5 0]]
[29 9 20 [3 0 4 7 2 1 5 6]]
[38 8 30 [6 0 4 7 5 3 1 2]]
[30 8 22 [6 3 7 0 5 1 4 2]]
[29 7 22 [6 4 2 0 1 3 5 7]]
[34 8 26 [6 4 2 7 0 3 5 1]]
[33 7 26 [6 0 7 5 1 3 2 4]]
[27 9 18 [6 3 4 7 5 1 2 0]]
[24 10 14 [6 3 5 7 4 1 2 0]]
[25 9 16 [6 3 5 4 7 1 2 0]]
[30 8 22 [6 3 0 5 1 2 7 4]]
[29 9 20 [0 3 5 6 1 2 7 4]]
[24 10 14 [6 3 5 7 1 2 0 4]]
[25 9 16 [2 0 3 4 6 1 5 7]]
[17 11 6 [1 2 3 4 6 0 5 7]]
[35 9 26 [6 2 0 7 5 1 3 4]]
[29 9 20 [6 2 0 3 5 1 4 7]]
[28 10 18 [0 2 3 6 5 1 4 7]]
[23 11 12 [6 2 3 4 5 1 0 7]]
[28 8 20 [6 2 0 3 1 4 5 7]]
[27 9 18 [0 2 3 6 1 4 5 7]]
[32 8 24 [6 4 2 7 1 0 3 5]]
[28 8 20 [6 3 4 1 0 2 5 7]]
[32 8 24 [6 0 4 1 2 3 5 7]]
[30 8 22 [6 0 3 1 2 5 4 7]]
[30 8 22 [2 0 3 7 6 1 5 4]]
[31 9 22 [7 2 3 0 6 1 5 4]]
[22 10 12 [1 2 3 7 6 0 5 4]]
[31 9 22 [6 2 3 7 0 5 4 1]]
[38 8 30 [0 6 4 7 1 3 2 5]]
[25 9 16 [1 6 4 7 5 3 2 0]]
[30 8 22 [0 1 4 7 3 6 2 5]]
[29 9 20 [1 6 0 7 5 2 3 4]]
[27 9 18 [1 6 0 3 5 2 4 7]]
[21 11 10 [1 6 3 4 5 2 0 7]]
[39 9 30 [6 4 0 7 2 3 5 1]]
[24 10 14 [1 6 3 7 2 0 4 5]]
[32 10 22 [0 1 6 7 2 4 3 5]]
[30 10 20 [1 4 6 7 2 0 3 5]]
[22 8 14 [3 2 4 6 7 1 5 0]]
[33 9 24 [6 3 0 4 2 7 5 1]]
[30 8 22 [3 4 5 0 6 2 1 7]]
[25 9 16 [3 4 5 7 0 2 1 6]]
[30 8 22 [2 0 4 7 3 6 5 1]]
[31 9 22 [7 2 4 0 3 6 5 1]]
[18 10 8 [1 2 4 7 3 6 5 0]]
[24 10 14 [1 4 5 7 0 2 3 6]]
[34 10 24 [2 6 5 7 0 4 3 1]]
[22 12 10 [1 6 5 7 2 4 3 0]]
[31 11 20 [6 3 5 0 2 4 1 7]]
[25 9 16 [0 1 3 7 2 6 5 4]]
[26 10 16 [1 0 3 6 2 4 7 5]]
[28 8 20 [6 3 7 1 0 2 4 5]]
[34 8 26 [6 0 7 1 2 3 4 5]]
[24 10 14 [0 3 5 7 1 2 4 6]]
[23 9 14 [2 3 0 4 1 6 5 7]]
[23 9 14 [2 6 3 4 1 0 5 7]]
[27 9 18 [0 3 5 4 1 2 7 6]]
[25 11 14 [0 2 3 4 1 5 7 6]]
[19 9 10 [1 3 7 6 4 2 5 0]]
[34 8 26 [6 0 7 5 2 3 4 1]]
[18 10 8 [1 3 5 6 4 2 7 0]]
[16 12 4 [1 2 3 4 7 6 5 0]]
[24 10 14 [0 1 3 4 2 6 5 7]]
[22 10 12 [1 3 0 4 2 6 5 7]]
[22 10 12 [1 6 3 4 2 0 5 7]]
[38 8 30 [6 4 0 7 3 2 5 1]]
[34 8 26 [6 3 0 4 7 2 5 1]]
[28 8 20 [7 3 0 4 1 2 5 6]]
[27 9 18 [2 3 4 7 0 1 5 6]]
[21 11 10 [1 3 4 7 2 0 5 6]]
[23 9 14 [2 3 4 7 1 5 0 6]]
[23 9 14 [2 3 4 0 1 5 6 7]]
[28 10 18 [2 3 4 7 0 5 6 1]]
[32 8 24 [7 3 0 4 6 2 5 1]]
[27 9 18 [2 3 4 7 0 6 5 1]]
[29 7 22 [3 4 0 6 1 2 5 7]]
[27 9 18 [6 5 3 7 2 0 4 1]]
[33 9 24 [0 6 5 7 1 3 2 4]]
[22 10 12 [1 6 5 7 4 3 2 0]]
[34 8 26 [0 6 5 4 1 3 2 7]]
[23 9 14 [1 6 5 4 7 3 2 0]]
[27 9 18 [1 4 0 6 2 3 5 7]]
[30 8 22 [6 3 4 0 1 2 7 5]]
[32 8 24 [6 0 3 5 1 2 4 7]]
[22 8 14 [3 2 4 7 1 5 0 6]]
[22 8 14 [3 2 4 0 1 5 6 7]]
[27 9 18 [3 2 4 7 0 5 6 1]]
[26 10 16 [1 3 6 0 2 5 4 7]]
[20 8 12 [3 2 4 6 1 5 0 7]]
[25 9 16 [3 2 4 6 0 5 7 1]]
[23 9 14 [3 5 0 7 1 4 2 6]]
[23 9 14 [3 4 5 7 1 0 2 6]]
[27 9 18 [3 5 0 7 6 4 2 1]]
[27 9 18 [3 4 5 7 6 0 2 1]]
[25 11 14 [0 1 5 7 2 4 3 6]]
[23 11 12 [1 5 0 7 2 4 3 6]]
[23 11 12 [1 4 5 7 2 0 3 6]]
[23 11 12 [1 3 4 7 0 2 6 5]]
[21 11 10 [1 3 4 7 2 6 0 5]]
[29 11 18 [1 0 4 7 2 3 6 5]]
[24 10 14 [1 0 3 7 2 6 5 4]]
[22 10 12 [1 3 7 0 2 6 5 4]]
[27 9 18 [6 3 7 1 2 0 4 5]]
[17 11 6 [1 3 5 7 0 2 4 6]]
[23 11 12 [1 0 5 7 2 3 4 6]]
[24 10 14 [2 0 3 4 1 6 5 7]]
[20 10 10 [1 3 5 4 0 2 7 6]]
[26 10 16 [1 0 5 4 2 3 7 6]]
[24 10 14 [6 2 3 4 1 7 0 5]]
[18 12 6 [1 2 3 4 0 5 7 6]]
[16 12 4 [1 2 3 4 5 7 0 6]]
[24 12 12 [1 0 3 4 5 2 7 6]]
[23 9 14 [1 3 7 6 0 2 5 4]]
[29 9 20 [1 0 7 6 2 3 5 4]]
[31 9 22 [6 3 0 4 5 1 2 7]]
[27 9 18 [6 3 7 5 2 0 4 1]]
[25 9 16 [6 2 3 5 1 7 0 4]]
[33 9 24 [6 0 3 5 1 2 7 4]]
[22 10 12 [1 3 5 6 0 2 7 4]]
[28 10 18 [1 0 5 6 2 3 7 4]]
[21 11 10 [1 3 5 4 0 2 6 7]]
[19 11 8 [1 3 5 4 2 6 0 7]]
[27 11 16 [1 0 5 4 2 3 6 7]]
[35 9 26 [6 0 3 4 7 2 5 1]]
[31 9 22 [7 0 3 4 1 2 5 6]]
[21 9 12 [7 3 5 4 1 2 0 6]]
[26 10 16 [7 3 5 4 0 2 6 1]]
[35 9 26 [7 0 3 4 6 2 5 1]]
[31 9 22 [6 3 0 4 1 2 7 5]]
[24 10 14 [3 0 5 7 1 4 2 6]]
[28 10 18 [3 0 5 7 6 4 2 1]]
[16 12 4 [1 3 5 7 6 4 2 0]]
[23 11 12 [1 3 0 7 2 6 5 4]]
[16 12 4 [1 3 5 7 2 0 4 6]]
[22 12 10 [1 3 0 7 2 4 5 6]]
[25 11 14 [0 2 3 4 1 6 5 7]]
[28 10 18 [7 2 3 4 6 0 5 1]]
[23 11 12 [7 2 3 4 1 6 5 0]]
[32 10 22 [6 0 3 4 1 2 7 5]]
[17 11 6 [1 3 5 7 4 0 2 6]]
[25 11 14 [0 3 5 7 1 4 2 6]]
[18 12 6 [1 3 5 7 0 2 6 4]]
[16 12 4 [1 3 5 7 2 6 0 4]]
[24 12 12 [1 0 5 7 2 3 6 4]]
[29 9 20 [6 3 4 2 0 5 1 7]]
[31 9 22 [6 3 7 2 0 5 4 1]]
[34 10 24 [6 0 5 7 3 2 4 1]]
[30 10 20 [6 3 5 0 7 2 4 1]]
[34 10 24 [6 2 0 4 7 1 5 3]]
[32 10 22 [1 6 0 4 7 2 5 3]]
[21 11 10 [1 3 4 2 0 5 6 7]]
[33 11 22 [6 0 3 4 2 5 7 1]]
[29 11 18 [6 2 3 0 4 5 7 1]]
[15 9 6 [1 3 5 4 7 2 0 6]]
[14 10 4 [1 3 5 4 7 2 6 0]]
[36 10 26 [6 2 0 7 5 1 4 3]]
[32 10 22 [0 3 4 6 2 5 7 1]]
[34 10 24 [0 6 3 7 5 2 4 1]]
[30 10 20 [1 6 0 7 5 2 4 3]]
[40 10 30 [6 4 0 7 2 3 1 5]]
[35 11 24 [0 6 3 7 2 4 5 1]]
[29 9 20 [1 0 7 6 3 2 4 5]]
[15 9 6 [2 1 3 4 6 5 0 7]]
[14 10 4 [2 1 3 4 6 5 7 0]]
[33 11 22 [0 6 3 4 2 5 7 1]]
[29 11 18 [1 6 0 4 2 5 7 3]]
[30 10 20 [3 4 0 7 1 2 6 5]]
[34 12 22 [0 4 5 7 2 3 6 1]]
[30 12 18 [1 4 0 7 2 3 6 5]]
[29 9 20 [6 3 4 2 7 1 0 5]]
[29 9 20 [0 3 4 1 7 2 5 6]]
[18 10 8 [1 3 4 5 7 2 0 6]]
[31 9 22 [7 3 0 6 1 2 5 4]]
[33 9 24 [7 3 4 6 0 1 2 5]]
[29 9 20 [7 3 4 2 6 1 0 5]]
[28 10 18 [5 3 0 7 6 1 2 4]]
[30 10 20 [7 3 4 0 2 5 1 6]]
[25 11 14 [5 3 4 7 2 0 1 6]]
[24 10 14 [7 3 5 0 1 2 4 6]]
[23 11 12 [2 3 5 7 1 0 4 6]]
[29 9 20 [4 6 3 1 0 2 5 7]]
[27 9 18 [4 6 3 5 1 2 0 7]]
[22 10 12 [2 3 5 4 1 0 7 6]]
[20 10 10 [1 3 4 5 6 2 0 7]]
[25 11 14 [4 2 3 0 1 5 7 6]]
[24 12 12 [5 2 3 4 1 0 7 6]]
[22 12 10 [6 2 3 4 1 5 7 0]]
[31 9 22 [6 3 0 1 7 2 5 4]]
[29 9 20 [2 3 7 6 1 0 5 4]]
[27 9 18 [4 3 7 6 1 2 5 0]]
[25 9 16 [6 3 4 2 5 1 0 7]]
[29 9 20 [7 1 4 0 2 3 5 6]]
[22 10 12 [3 1 4 7 2 0 5 6]]
[28 10 18 [6 1 4 7 2 3 5 0]]
[36 8 28 [6 4 7 1 0 3 2 5]]
[32 8 24 [6 4 7 2 1 3 0 5]]
[31 9 22 [7 6 3 1 0 2 4 5]]
[31 9 22 [6 3 7 0 5 2 4 1]]
[32 10 22 [1 6 4 7 0 3 5 2]]
[31 11 20 [1 6 0 7 2 3 5 4]]
[33 9 24 [6 4 7 5 2 3 0 1]]
[27 11 16 [0 3 5 7 4 1 2 6]]
[28 10 18 [0 3 5 4 7 1 2 6]]
[26 10 16 [2 3 5 6 1 0 7 4]]
[26 10 16 [4 3 5 6 1 2 7 0]]
[26 10 16 [0 3 7 1 2 5 4 6]]
[19 11 8 [1 3 7 4 2 5 0 6]]
[30 10 20 [1 6 0 7 5 3 2 4]]
[24 10 14 [4 1 3 0 2 6 5 7]]
[23 11 12 [7 1 3 4 2 6 5 0]]
[38 8 30 [7 6 4 0 3 2 5 1]]
[29 9 20 [7 3 0 1 6 2 5 4]]
[33 9 24 [7 6 3 0 2 5 4 1]]
[28 10 18 [5 6 3 7 2 0 4 1]]
[29 9 20 [6 3 7 1 0 5 4 2]]
[33 9 24 [7 6 5 0 1 3 2 4]]
[26 10 16 [3 6 5 7 1 0 2 4]]
[30 10 20 [4 6 5 7 1 3 2 0]]
[28 10 18 [7 3 5 0 6 2 4 1]]
[27 11 16 [2 3 5 7 6 0 4 1]]
[29 9 20 [3 6 5 4 1 0 2 7]]
[29 9 20 [7 6 5 4 1 3 2 0]]
[24 10 14 [2 3 5 4 6 0 7 1]]
[27 11 16 [4 2 3 0 6 5 7 1]]
[26 12 14 [5 2 3 4 6 0 7 1]]
[29 9 20 [6 3 4 1 0 2 7 5]]
[27 9 18 [3 2 4 0 7 1 5 6]]
[15 11 4 [1 3 5 4 2 7 6 0]]
[33 9 24 [0 4 2 7 1 3 5 6]]
[39 9 30 [6 4 0 7 1 3 5 2]]
[26 10 16 [6 2 3 1 0 4 5 7]]
[28 10 18 [0 3 4 1 2 5 7 6]]
[32 10 22 [0 3 6 1 2 5 4 7]]
[29 9 20 [6 3 4 1 0 5 7 2]]
[32 10 22 [6 3 0 1 2 5 7 4]]
[24 10 14 [4 2 3 7 6 1 5 0]]
[30 10 20 [0 2 3 7 1 5 4 6]]
[32 10 22 [0 6 3 1 5 2 4 7]]
[31 9 22 [3 0 4 6 2 1 5 7]]
[25 9 16 [3 2 4 0 6 1 5 7]]
[36 10 26 [0 4 5 7 6 2 1 3]]
[35 11 24 [7 6 5 0 2 4 3 1]]
[30 12 18 [6 3 5 7 0 4 1 2]]
[27 13 14 [0 3 5 7 2 4 1 6]]
[25 11 14 [1 3 7 6 0 4 5 2]]
[28 12 16 [1 3 0 6 2 4 5 7]]
[27 11 16 [1 0 5 4 3 2 7 6]]
[21 11 10 [1 3 5 0 4 2 7 6]]
[24 10 14 [1 3 7 0 6 2 5 4]]
[23 11 12 [1 3 5 0 6 2 7 4]]
[30 10 20 [7 3 4 0 2 1 5 6]]
[29 11 18 [6 3 4 7 2 1 5 0]]
[29 11 18 [2 3 0 7 1 5 6 4]]
[32 10 22 [7 3 4 0 2 6 5 1]]
[27 11 16 [1 0 5 7 6 3 2 4]]
[28 10 18 [1 0 5 4 6 3 2 7]]
[30 10 20 [1 6 5 0 4 3 2 7]]
[32 10 22 [0 2 4 7 1 5 6 3]]
[28 10 18 [3 2 0 7 1 5 6 4]]
[25 11 14 [1 3 6 7 0 5 4 2]]
[22 12 10 [1 3 0 7 2 5 4 6]]
[30 10 20 [0 2 4 6 1 5 7 3]]
[28 10 18 [3 2 0 6 1 5 7 4]]
[25 11 14 [4 2 3 0 1 6 5 7]]
[29 11 18 [0 3 5 4 1 2 6 7]]
[25 11 14 [7 3 5 0 1 4 2 6]]
[24 12 12 [6 3 5 7 1 4 2 0]]
[29 11 18 [7 3 5 0 6 4 2 1]]
[15 13 2 [1 2 3 4 5 7 6 0]]
[15 13 2 [1 3 5 7 2 4 0 6]]
[14 14 0 [1 3 5 7 2 4 6 0]]
