[19 5 14 [1 3 6 5 0 2 7 4]]
[26 6 20 [0 2 3 6 5 7 4 1]]
[22 6 16 [1 2 0 6 5 7 4 3]]
[28 6 22 [0 3 6 4 5 2 7 1]]
[27 5 22 [5 0 3 6 1 2 7 4]]
[21 5 16 [5 1 3 0 6 2 7 4]]
[22 6 16 [5 2 3 6 1 0 7 4]]
[16 6 10 [4 2 3 6 1 5 7 0]]
[22 6 16 [0 2 3 1 5 7 4 6]]
[22 6 16 [6 1 3 4 0 2 7 5]]
[21 7 14 [0 1 3 4 5 2 7 6]]
[17 5 12 [2 1 3 6 0 5 7 4]]
[15 5 10 [2 1 3 6 5 7 0 4]]
[17 5 12 [4 1 3 6 5 2 0 7]]
[18 6 12 [1 2 0 3 6 5 7 4]]
[16 4 12 [5 1 3 6 2 7 0 4]]
[19 5 14 [1 3 7 6 0 2 4 5]]
[16 6 10 [1 2 0 3 4 5 7 6]]
[14 8 6 [1 2 3 4 0 5 7 6]]
[11 7 4 [1 2 3 4 6 5 0 7]]
[10 8 2 [1 2 3 4 6 5 7 0]]
[17 7 10 [1 2 3 0 6 5 7 4]]
[10 8 2 [1 2 3 4 6 5 7 0]]
[16 6 10 [1 3 6 4 5 2 0 7]]
[22 6 16 [1 3 6 0 5 2 7 4]]
[22 6 16 [1 2 6 0 5 7 3 4]]
[22 6 16 [1 3 0 6 2 5 7 4]]
[18 6 12 [1 5 3 6 2 0 7 4]]
[27 5 22 [3 0 6 1 5 2 7 4]]
[18 6 12 [1 3 6 7 5 0 2 4]]
[14 6 8 [1 3 6 7 5 2 4 0]]
[18 6 12 [1 2 3 6 7 0 4 5]]
[13 7 6 [1 2 3 6 5 7 4 0]]
[18 6 12 [1 3 6 4 2 0 7 5]]
[15 7 8 [1 3 6 4 5 2 7 0]]
[19 5 14 [5 1 3 0 4 2 7 6]]
[27 5 22 [6 0 1 3 5 2 7 4]]
[21 5 16 [2 5 3 6 1 0 7 4]]
[14 6 8 [1 2 3 6 4 0 5 7]]
[23 5 18 [1 7 2 6 5 0 3 4]]
[19 5 14 [5 1 3 6 2 0 7 4]]
[17 5 12 [1 3 7 6 5 0 2 4]]
[13 5 8 [1 3 7 6 5 2 4 0]]
[15 7 8 [1 2 3 0 4 5 7 6]]
[12 6 6 [1 2 4 3 5 7 0 6]]
[10 8 2 [1 2 3 4 5 7 6 0]]
[20 6 14 [6 1 3 4 5 0 2 7]]
[16 6 10 [2 1 3 6 5 0 7 4]]
[16 6 10 [4 1 3 6 5 2 7 0]]
[24 6 18 [1 0 6 4 5 3 2 7]]
[18 6 12 [1 3 4 0 5 2 6 7]]
[27 5 22 [0 5 3 6 2 1 7 4]]
[25 5 20 [5 3 0 6 2 1 7 4]]
[25 5 20 [1 7 0 6 5 3 2 4]]
[15 7 8 [1 2 6 4 5 7 3 0]]
[19 7 12 [1 2 0 4 5 7 6 3]]
[18 6 12 [1 0 3 7 5 2 4 6]]
[14 6 8 [1 3 4 7 5 2 0 6]]
[24 6 18 [6 1 3 5 0 2 7 4]]
[20 6 14 [6 1 3 7 5 2 0 4]]
[25 7 18 [0 2 3 6 4 5 7 1]]
[21 7 14 [1 2 0 6 4 5 7 3]]
[17 7 10 [1 2 3 5 0 7 4 6]]
[27 7 20 [6 1 0 4 5 2 7 3]]
[22 6 16 [4 1 3 6 0 2 7 5]]
[23 7 16 [0 2 3 1 6 5 7 4]]
[22 6 16 [1 3 0 6 5 2 4 7]]
[21 7 14 [0 2 3 1 4 5 7 6]]
[28 6 22 [0 2 6 1 5 7 3 4]]
[17 7 10 [1 2 6 3 5 7 0 4]]
[21 7 14 [1 2 6 4 0 7 3 5]]
[20 8 12 [1 2 0 4 5 7 3 6]]
[24 6 18 [0 1 3 6 2 5 7 4]]
[23 5 18 [5 3 6 1 0 2 7 4]]
[26 6 20 [0 2 3 6 1 7 4 5]]
[11 7 4 [1 2 4 3 5 7 6 0]]
[28 6 22 [0 3 6 4 1 2 7 5]]
[19 7 12 [1 3 4 0 5 2 7 6]]
[15 7 8 [1 3 7 4 5 2 0 6]]
[19 5 14 [5 1 3 6 4 2 0 7]]
[21 5 16 [6 1 7 3 5 2 0 4]]
[23 5 18 [2 3 0 6 1 5 7 4]]
[26 6 20 [6 2 0 3 1 5 7 4]]
[20 6 14 [1 2 0 6 4 5 3 7]]
[25 5 20 [0 1 2 6 5 7 3 4]]
[18 6 12 [5 1 3 6 4 2 7 0]]
[26 6 20 [6 1 0 3 5 2 7 4]]
[24 6 18 [2 0 3 6 1 5 7 4]]
[25 7 18 [6 2 3 0 1 5 7 4]]
[13 7 6 [1 2 3 6 4 5 0 7]]
[24 6 18 [1 0 2 6 5 7 3 4]]
[22 6 16 [5 1 3 6 0 2 7 4]]
[25 7 18 [6 1 3 0 5 2 7 4]]
[16 6 10 [1 3 7 6 5 2 0 4]]
[20 6 14 [1 0 2 3 5 7 4 6]]
[26 6 20 [6 1 0 4 5 2 3 7]]
[25 7 18 [0 2 3 6 1 5 7 4]]
[12 8 4 [1 2 3 6 4 5 7 0]]
[23 7 16 [1 2 0 6 5 7 3 4]]
[25 7 18 [0 1 3 6 5 2 7 4]]
[23 7 16 [1 3 0 6 5 2 7 4]]
[24 6 18 [2 3 0 6 5 1 7 4]]
[22 6 16 [4 1 0 3 5 2 7 6]]
[20 6 14 [1 3 6 4 0 5 2 7]]
[27 5 22 [0 3 7 6 1 5 2 4]]
[16 6 10 [1 3 7 6 4 5 2 0]]
[27 5 22 [0 1 7 6 5 3 2 4]]
[19 7 12 [1 2 0 3 5 7 4 6]]
[13 9 4 [1 2 3 4 5 7 0 6]]
[19 7 12 [1 0 3 7 5 2 6 4]]
[17 7 10 [1 3 7 0 5 2 6 4]]
[17 7 10 [1 3 6 7 5 2 0 4]]
[20 8 12 [1 3 0 4 5 2 7 6]]
[19 7 12 [6 2 3 4 1 5 0 7]]
[24 8 16 [6 2 3 4 0 5 7 1]]
[19 7 12 [6 1 3 4 5 2 0 7]]
[21 9 12 [1 0 3 4 5 2 7 6]]
[18 8 10 [1 2 3 6 0 5 7 4]]
[16 8 8 [1 2 3 6 5 7 0 4]]
[24 8 16 [1 0 3 6 5 2 7 4]]
[25 7 18 [2 0 3 6 5 1 7 4]]
[25 7 18 [5 2 3 6 0 1 7 4]]
[26 8 18 [6 2 3 0 5 1 7 4]]
[17 9 8 [1 2 3 6 5 0 7 4]]
[21 7 14 [0 1 3 4 5 2 6 7]]
[19 7 12 [1 3 0 4 5 2 6 7]]
[16 6 10 [1 3 7 0 5 2 4 6]]
[20 8 12 [1 2 6 4 0 5 7 3]]
[18 8 10 [1 2 6 4 5 7 0 3]]
[26 8 18 [1 0 6 4 5 2 7 3]]
[14 8 6 [1 2 3 4 0 5 6 7]]
[20 8 12 [1 0 3 4 5 2 6 7]]
[13 9 4 [1 2 3 4 5 0 6 7]]
[19 9 10 [1 2 0 4 5 6 3 7]]
[27 7 20 [4 1 0 6 5 2 7 3]]
[18 8 10 [1 2 3 7 6 5 0 4]]
[28 6 22 [0 3 7 6 5 2 4 1]]
[16 8 8 [1 2 3 7 4 5 0 6]]
[23 7 16 [1 2 6 5 0 7 3 4]]
[25 9 16 [0 2 3 4 6 5 7 1]]
[21 9 12 [1 2 0 4 6 5 7 3]]
[30 8 22 [0 2 6 4 5 7 3 1]]
[21 7 14 [2 3 6 1 5 0 7 4]]
[21 7 14 [4 3 6 1 5 2 7 0]]
[20 8 12 [1 2 3 0 6 7 4 5]]
[26 8 18 [1 0 6 4 3 2 7 5]]
[25 7 18 [0 1 3 6 4 2 7 5]]
[24 8 16 [6 2 3 1 0 5 7 4]]
[21 7 14 [1 3 7 0 6 5 2 4]]
[22 6 16 [0 3 7 1 5 2 4 6]]
[15 7 8 [1 3 7 5 0 2 4 6]]
[23 9 14 [0 2 3 4 1 5 7 6]]
[19 9 10 [4 2 3 6 5 1 7 0]]
[12 10 2 [1 2 3 4 5 7 6 0]]
[12 10 2 [1 2 3 4 5 6 0 7]]
[11 11 0 [1 2 3 4 5 6 7 0]]
