f(n) g(n) h(n) path
18 0 18 2 3 6 5 7 4 0 1
10 0 10 2 3 1 5 7 4 0 6
18 0 18 2 3 0 5 7 4 1 6
18 0 18 2 3 0 5 7 4 6 1
16 0 16 2 3 0 5 1 4 6 7
18 0 18 2 3 0 5 6 4 1 7
18 0 18 2 3 0 5 6 4 7 1
16 0 16 2 3 0 5 1 4 7 6
14 0 14 2 3 0 1 5 4 7 6
18 0 18 2 3 0 6 5 4 7 1
18 0 18 2 3 0 6 5 4 1 7
14 0 14 2 3 0 1 5 4 6 7
18 0 18 2 3 0 7 5 4 6 1
18 0 18 2 3 0 7 5 4 1 6
10 0 10 1 3 0 7 5 4 2 6
14 0 14 5 3 0 7 1 4 2 6
14 0 14 5 3 0 7 2 4 1 6
14 0 14 5 3 0 7 2 4 6 1
14 0 14 5 3 0 7 1 4 6 2
18 0 18 5 3 0 7 6 4 1 2
18 0 18 5 3 0 7 6 4 2 1
18 0 18 5 3 0 1 6 4 2 7
20 0 20 5 3 0 2 6 4 1 7
20 0 20 5 3 0 2 6 4 7 1
16 0 16 5 3 0 2 1 4 7 6
16 0 16 5 3 0 2 7 4 1 6
16 0 16 5 3 0 2 7 4 6 1
14 0 14 5 3 0 1 7 4 6 2
20 0 20 5 3 0 6 7 4 1 2
20 0 20 5 3 0 6 7 4 2 1
14 0 14 5 3 0 1 7 4 2 6
10 0 10 1 3 0 5 7 4 2 6
14 0 14 0 3 1 5 7 4 2 6
18 0 18 0 3 2 5 7 4 1 6
18 0 18 0 3 2 5 7 4 6 1
14 0 14 0 3 1 5 7 4 6 2
14 0 14 0 3 5 1 7 4 6 2
16 0 16 0 3 5 2 7 4 6 1
16 0 16 0 3 5 2 7 4 1 6
14 0 14 0 3 5 1 7 4 2 6
20 0 20 0 3 5 6 7 4 2 1
20 0 20 0 3 5 6 7 4 1 2
20 0 20 0 3 5 6 1 4 7 2
20 0 20 0 3 5 6 2 4 7 1
14 0 14 0 3 5 1 2 4 7 6
14 0 14 0 3 5 7 2 4 1 6
